date,Bangladesh,Indonesia,Pakistan,Brazil,Nigeria
2020-01-22,0.0,0.0,0.0,0,0.0
2020-01-23,0.0,0.0,0.0,0,0.0
2020-01-24,0.0,0.0,0.0,0,0.0
2020-01-25,0.0,0.0,0.0,0,0.0
2020-01-26,0.0,0.0,0.0,0,0.0
2020-01-27,0.0,0.0,0.0,0,0.0
2020-01-28,0.0,0.0,0.0,0,0.0
2020-01-29,0.0,0.0,0.0,0,0.0
2020-01-30,0.0,0.0,0.0,0,0.0
2020-01-31,0.0,0.0,0.0,0,0.0
2020-02-01,0.0,0.0,0.0,0,0.0
2020-02-02,0.0,0.0,0.0,0,0.0
2020-02-03,0.0,0.0,0.0,0,0.0
2020-02-04,0.0,0.0,0.0,0,0.0
2020-02-05,0.0,0.0,0.0,0,0.0
2020-02-06,0.0,0.0,0.0,0,0.0
2020-02-07,0.0,0.0,0.0,0,0.0
2020-02-08,0.0,0.0,0.0,0,0.0
2020-02-09,0.0,0.0,0.0,0,0.0
2020-02-10,0.0,0.0,0.0,0,0.0
2020-02-11,0.0,0.0,0.0,0,0.0
2020-02-12,0.0,0.0,0.0,0,0.0
2020-02-13,0.0,0.0,0.0,0,0.0
2020-02-14,0.0,0.0,0.0,0,0.0
2020-02-15,0.0,0.0,0.0,0,0.0
2020-02-16,0.0,0.0,0.0,0,0.0
2020-02-17,0.0,0.0,0.0,0,0.0
2020-02-18,0.0,0.0,0.0,0,0.0
2020-02-19,0.0,0.0,0.0,0,0.0
2020-02-20,0.0,0.0,0.0,0,0.0
2020-02-21,0.0,0.0,0.0,0,0.0
2020-02-22,0.0,0.0,0.0,0,0.0
2020-02-23,0.0,0.0,0.0,0,0.0
2020-02-24,0.0,0.0,0.0,0,0.0
2020-02-25,0.0,0.0,0.0,0,0.0
2020-02-26,0.0,0.0,0.0,1,0.0
2020-02-27,0.0,0.0,2.0,0,0.0
2020-02-28,0.0,0.0,0.0,0,1.0
2020-02-29,0.0,0.0,0.0,0,0.0
2020-03-01,0.0,0.0,2.0,1,0.0
2020-03-02,0.0,2.0,0.0,0,0.0
2020-03-03,0.0,0.0,0.0,0,0.0
2020-03-04,0.0,0.0,1.0,0,0.0
2020-03-05,0.0,0.0,0.0,1,0.0
2020-03-06,0.0,0.0,0.0,5,0.0
2020-03-07,0.0,2.0,1.0,5,0.0
2020-03-08,0.0,0.0,0.0,0,0.0
2020-03-09,3.0,2.0,0.0,12,0.0
2020-03-10,0.0,0.0,10.0,0,1.0
2020-03-11,0.0,13.0,0.0,9,0.0
2020-03-12,0.0,15.0,4.0,18,0.0
2020-03-13,0.0,0.0,1.0,25,0.0
2020-03-14,0.0,35.0,0.0,21,0.0
2020-03-15,0.0,27.0,9.0,23,0.0
2020-03-16,0.0,21.0,1.0,79,0.0
2020-03-17,2.0,17.0,156.0,34,0.0
2020-03-18,3.0,38.0,0.0,57,1.0
2020-03-19,2.0,0.0,115.0,137,5.0
2020-03-20,0.0,55.0,176.0,193,0.0
2020-03-21,7.0,82.0,17.0,283,4.0
2020-03-22,7.0,141.0,151.0,224,10.0
2020-03-23,3.0,64.0,138.0,418,8.0
2020-03-24,6.0,65.0,103.0,345,10.0
2020-03-25,6.0,107.0,104.0,310,4.0
2020-03-26,0.0,104.0,66.0,232,7.0
2020-03-27,9.0,103.0,140.0,482,14.0
2020-03-28,0.0,153.0,0.0,502,16.0
2020-03-29,0.0,109.0,211.0,487,16.0
2020-03-30,1.0,130.0,118.0,352,0.0
2020-03-31,0.0,129.0,99.0,323,34.0
2020-04-01,2.0,114.0,414.0,1138,0.0
2020-04-02,3.0,149.0,252.0,1119,20.0
2020-04-03,2.0,113.0,0.0,1074,23.0
2020-04-04,5.0,196.0,0.0,1146,16.0
2020-04-05,9.0,106.0,159.0,1222,20.0
2020-04-06,18.0,181.0,827.0,852,22.0
2020-04-07,35.0,218.0,587.0,926,6.0
2020-04-08,41.0,247.0,208.0,1661,16.0
2020-04-09,54.0,218.0,250.0,2210,22.0
2020-04-10,112.0,337.0,279.0,1930,12.0
2020-04-11,94.0,219.0,187.0,1781,17.0
2020-04-12,58.0,330.0,250.0,1089,13.0
2020-04-13,139.0,399.0,336.0,1442,5.0
2020-04-14,182.0,316.0,342.0,1261,20.0
2020-04-15,209.0,282.0,272.0,1832,30.0
2020-04-16,219.0,297.0,517.0,3058,34.0
2020-04-17,341.0,380.0,520.0,2105,35.0
2020-04-18,266.0,407.0,456.0,3257,51.0
2020-04-19,306.0,325.0,512.0,2917,49.0
2020-04-20,312.0,327.0,425.0,2055,85.0
2020-04-21,492.0,185.0,798.0,1927,38.0
2020-04-22,434.0,375.0,533.0,2498,117.0
2020-04-23,390.0,283.0,0.0,2678,91.0
2020-04-24,414.0,357.0,1406.0,3735,108.0
2020-04-25,503.0,436.0,785.0,3503,114.0
2020-04-26,309.0,396.0,783.0,5514,87.0
2020-04-27,418.0,275.0,605.0,3379,91.0
2020-04-28,497.0,214.0,751.0,4613,64.0
2020-04-29,549.0,415.0,806.0,5385,195.0
2020-04-30,641.0,260.0,874.0,6276,196.0
2020-05-01,564.0,347.0,1058.0,7218,204.0
2020-05-02,571.0,433.0,1297.0,6209,238.0
2020-05-03,552.0,292.0,989.0,4970,218.0
2020-05-04,665.0,349.0,1083.0,4588,170.0
2020-05-05,688.0,395.0,1315.0,6633,244.0
2020-05-06,786.0,484.0,1049.0,6935,148.0
2020-05-07,790.0,367.0,1523.0,10503,195.0
2020-05-08,706.0,338.0,1764.0,9888,381.0
2020-05-09,709.0,336.0,1637.0,10222,386.0
2020-05-10,636.0,533.0,1991.0,10611,239.0
2020-05-11,887.0,387.0,1476.0,6760,248.0
2020-05-12,1034.0,233.0,1140.0,5632,242.0
2020-05-13,969.0,484.0,2255.0,9258,146.0
2020-05-14,1162.0,689.0,1452.0,11385,184.0
2020-05-15,1041.0,568.0,1430.0,13944,191.0
2020-05-16,1202.0,490.0,1581.0,15305,283.0
2020-05-17,930.0,529.0,1352.0,14919,176.0
2020-05-18,1273.0,489.0,1974.0,7938,338.0
2020-05-19,1602.0,496.0,1841.0,13140,216.0
2020-05-20,1251.0,486.0,1932.0,17408,226.0
2020-05-21,1617.0,693.0,2193.0,19951,276.0
2020-05-22,1773.0,973.0,2603.0,18508,339.0
2020-05-23,1694.0,634.0,1743.0,20803,245.0
2020-05-24,1873.0,949.0,2164.0,16508,265.0
2020-05-25,1532.0,526.0,1748.0,15813,313.0
2020-05-26,1975.0,479.0,1356.0,11687,229.0
2020-05-27,1166.0,415.0,1446.0,16324,276.0
2020-05-28,1541.0,686.0,2076.0,20599,389.0
2020-05-29,2029.0,687.0,2801.0,26417,182.0
2020-05-30,2523.0,678.0,2429.0,26928,387.0
2020-05-31,1764.0,557.0,3039.0,33274,553.0
2020-06-01,2545.0,700.0,2964.0,16409,307.0
2020-06-02,2381.0,467.0,3938.0,11598,416.0
2020-06-03,2911.0,609.0,4065.0,28936,241.0
2020-06-04,2695.0,684.0,4801.0,28633,347.0
2020-06-05,2423.0,585.0,3985.0,30916,350.0
2020-06-06,2828.0,703.0,4734.0,30830,328.0
2020-06-07,2635.0,993.0,4960.0,27075,389.0
2020-06-08,2743.0,672.0,4728.0,18921,253.0
2020-06-09,2735.0,847.0,4646.0,15654,315.0
2020-06-10,3171.0,1043.0,5385.0,32091,663.0
2020-06-11,3190.0,1240.0,5834.0,32913,409.0
2020-06-12,3187.0,979.0,6397.0,30412,681.0
2020-06-13,3471.0,1111.0,6472.0,25982,627.0
2020-06-14,2856.0,1014.0,6825.0,21704,501.0
2020-06-15,3141.0,857.0,5248.0,17110,403.0
2020-06-16,3099.0,1017.0,4443.0,20647,573.0
2020-06-17,3862.0,1106.0,5839.0,34918,490.0
2020-06-18,4008.0,1031.0,5358.0,32188,587.0
2020-06-19,3803.0,1331.0,4944.0,22765,745.0
2020-06-20,3243.0,1041.0,6604.0,54771,667.0
2020-06-21,3240.0,1226.0,4951.0,34666,661.0
2020-06-22,3531.0,862.0,4471.0,17459,436.0
2020-06-23,3480.0,954.0,3946.0,21432,675.0
2020-06-24,3412.0,1051.0,3892.0,39436,452.0
2020-06-25,3462.0,1113.0,4044.0,42725,649.0
2020-06-26,3946.0,1178.0,2775.0,39483,594.0
2020-06-27,3868.0,1240.0,3138.0,46860,684.0
2020-06-28,3504.0,1385.0,4072.0,38693,779.0
2020-06-29,3809.0,1198.0,3557.0,30476,490.0
2020-06-30,4014.0,1082.0,2825.0,24052,566.0
2020-07-01,3682.0,1293.0,4133.0,33846,561.0
2020-07-02,3775.0,1385.0,4339.0,46712,790.0
2020-07-03,4019.0,1624.0,4087.0,48105,626.0
2020-07-04,3114.0,1301.0,3387.0,42223,454.0
2020-07-05,3288.0,1447.0,3191.0,37923,603.0
2020-07-06,2738.0,1607.0,3344.0,26051,544.0
2020-07-07,3201.0,1209.0,2691.0,20229,575.0
2020-07-08,3027.0,1268.0,2980.0,45305,503.0
2020-07-09,3489.0,1853.0,3359.0,44571,460.0
2020-07-10,3360.0,2657.0,2751.0,42619,499.0
2020-07-11,2949.0,1611.0,2752.0,45048,575.0
2020-07-12,2686.0,1671.0,2521.0,39023,664.0
2020-07-13,2666.0,1681.0,2753.0,24831,571.0
2020-07-14,3099.0,1282.0,1979.0,20286,595.0
2020-07-15,3163.0,1591.0,2165.0,41857,463.0
2020-07-16,3533.0,1522.0,2145.0,39924,643.0
2020-07-17,2733.0,1574.0,2085.0,45403,595.0
2020-07-18,3034.0,1462.0,1918.0,34177,600.0
2020-07-19,2709.0,1752.0,1579.0,28532,653.0
2020-07-20,2459.0,1639.0,1587.0,23529,556.0
2020-07-21,2928.0,1693.0,1013.0,20257,562.0
2020-07-22,3057.0,1655.0,1332.0,41008,576.0
2020-07-23,2744.0,1882.0,1763.0,67860,543.0
2020-07-24,2856.0,1906.0,1209.0,59961,604.0
2020-07-25,2548.0,1761.0,1487.0,55891,591.0
2020-07-26,2520.0,1868.0,1226.0,51147,438.0
2020-07-27,2275.0,1492.0,1176.0,24578,555.0
2020-07-28,2772.0,1525.0,936.0,23284,648.0
2020-07-29,2960.0,1748.0,1063.0,40816,624.0
2020-07-30,3009.0,2381.0,1114.0,69074,404.0
2020-07-31,2695.0,1904.0,903.0,57837,481.0
2020-08-01,2772.0,2040.0,0.0,52383,462.0
2020-08-02,2199.0,1560.0,0.0,45392,386.0
2020-08-03,886.0,1519.0,1724.0,25800,304.0
2020-08-04,1356.0,1679.0,432.0,16641,288.0
2020-08-05,1918.0,1922.0,675.0,51603,304.0
2020-08-06,2654.0,1815.0,727.0,57152,457.0
2020-08-07,2977.0,1882.0,782.0,53139,354.0
2020-08-08,2851.0,2473.0,842.0,50230,443.0
2020-08-09,2611.0,2277.0,634.0,49970,453.0
2020-08-10,2487.0,1893.0,539.0,23010,437.0
2020-08-11,2907.0,1687.0,531.0,22048,290.0
2020-08-12,2996.0,1693.0,730.0,52160,423.0
2020-08-13,2995.0,1942.0,753.0,55155,453.0
2020-08-14,2617.0,2098.0,626.0,60091,373.0
2020-08-15,2766.0,2307.0,747.0,50644,329.0
2020-08-16,2644.0,2345.0,670.0,41576,325.0
2020-08-17,2024.0,2081.0,498.0,23101,298.0
2020-08-18,2595.0,1821.0,617.0,19373,417.0
2020-08-19,3200.0,1673.0,0.0,47784,410.0
2020-08-20,2747.0,1902.0,1126.0,49298,593.0
2020-08-21,2868.0,2266.0,630.0,45323,476.0
2020-08-22,2401.0,2197.0,586.0,30355,340.0
2020-08-23,2265.0,2090.0,591.0,50032,601.0
2020-08-24,1973.0,2037.0,0.0,23421,322.0
2020-08-25,2485.0,1877.0,946.0,17078,321.0
2020-08-26,2545.0,2447.0,482.0,47134,252.0
2020-08-27,2519.0,2306.0,445.0,47161,221.0
2020-08-28,2436.0,2719.0,415.0,44235,296.0
2020-08-29,2211.0,3003.0,319.0,43412,160.0
2020-08-30,2131.0,3308.0,264.0,41350,250.0
2020-08-31,1897.0,2858.0,213.0,16158,138.0
2020-09-01,2174.0,2743.0,300.0,45961,143.0
2020-09-02,1950.0,2775.0,441.0,42659,239.0
2020-09-03,2582.0,3075.0,424.0,46934,216.0
2020-09-04,2158.0,3622.0,498.0,43773,124.0
2020-09-05,1929.0,3269.0,513.0,51194,156.0
2020-09-06,1950.0,3128.0,484.0,30168,162.0
2020-09-07,1592.0,3444.0,394.0,14521,100.0
2020-09-08,2202.0,2880.0,330.0,10273,155.0
2020-09-09,1892.0,3046.0,426.0,14279,296.0
2020-09-10,1827.0,3307.0,196.0,35816,176.0
2020-09-11,1892.0,3861.0,516.0,40557,197.0
2020-09-12,1792.0,3737.0,584.0,43718,188.0
2020-09-13,1282.0,3817.0,526.0,33523,160.0
2020-09-14,1476.0,3625.0,539.0,14768,79.0
2020-09-15,1812.0,3141.0,404.0,15155,132.0
2020-09-16,1724.0,3507.0,665.0,36653,90.0
2020-09-17,1615.0,3963.0,545.0,36820,126.0
2020-09-18,1593.0,3635.0,752.0,36303,131.0
2020-09-19,1541.0,3891.0,645.0,39797,221.0
2020-09-20,1567.0,4168.0,640.0,33057,189.0
2020-09-21,1544.0,3989.0,633.0,16389,97.0
2020-09-22,1705.0,4176.0,582.0,13439,195.0
2020-09-23,1557.0,4071.0,532.0,33536,176.0
2020-09-24,1666.0,4465.0,799.0,33281,111.0
2020-09-25,1540.0,4634.0,798.0,32817,125.0
2020-09-26,1383.0,4823.0,566.0,31911,213.0
2020-09-27,1106.0,4494.0,694.0,28378,136.0
2020-09-28,1275.0,3874.0,566.0,14318,126.0
2020-09-29,1407.0,3509.0,675.0,13155,136.0
2020-09-30,1488.0,4002.0,747.0,32058,187.0
2020-10-01,1436.0,4284.0,543.0,33413,201.0
2020-10-02,1508.0,4174.0,625.0,36157,153.0
2020-10-03,1396.0,4317.0,553.0,33431,126.0
2020-10-04,1182.0,4007.0,632.0,26310,160.0
2020-10-05,1125.0,3992.0,0.0,8456,58.0
2020-10-06,1442.0,3622.0,1111.0,11946,120.0
2020-10-07,1499.0,4056.0,624.0,41906,118.0
2020-10-08,1520.0,4538.0,583.0,31553,155.0
2020-10-09,1441.0,4850.0,661.0,27750,103.0
2020-10-10,1278.0,4094.0,671.0,27444,151.0
2020-10-11,1203.0,4294.0,666.0,26749,111.0
2020-10-12,1193.0,4497.0,0.0,12345,163.0
2020-10-13,1472.0,3267.0,916.0,8426,164.0
2020-10-14,1537.0,3906.0,615.0,10220,225.0
2020-10-15,1684.0,4127.0,755.0,27235,179.0
