date,Bangladesh,Indonesia,Pakistan,Brazil,Nigeria
2020-01-22,0.0,0.0,0.0,0,0.0
2020-01-23,0.0,0.0,0.0,0,0.0
2020-01-24,0.0,0.0,0.0,0,0.0
2020-01-25,0.0,0.0,0.0,0,0.0
2020-01-26,0.0,0.0,0.0,0,0.0
2020-01-27,0.0,0.0,0.0,0,0.0
2020-01-28,0.0,0.0,0.0,0,0.0
2020-01-29,0.0,0.0,0.0,0,0.0
2020-01-30,0.0,0.0,0.0,0,0.0
2020-01-31,0.0,0.0,0.0,0,0.0
2020-02-01,0.0,0.0,0.0,0,0.0
2020-02-02,0.0,0.0,0.0,0,0.0
2020-02-03,0.0,0.0,0.0,0,0.0
2020-02-04,0.0,0.0,0.0,0,0.0
2020-02-05,0.0,0.0,0.0,0,0.0
2020-02-06,0.0,0.0,0.0,0,0.0
2020-02-07,0.0,0.0,0.0,0,0.0
2020-02-08,0.0,0.0,0.0,0,0.0
2020-02-09,0.0,0.0,0.0,0,0.0
2020-02-10,0.0,0.0,0.0,0,0.0
2020-02-11,0.0,0.0,0.0,0,0.0
2020-02-12,0.0,0.0,0.0,0,0.0
2020-02-13,0.0,0.0,0.0,0,0.0
2020-02-14,0.0,0.0,0.0,0,0.0
2020-02-15,0.0,0.0,0.0,0,0.0
2020-02-16,0.0,0.0,0.0,0,0.0
2020-02-17,0.0,0.0,0.0,0,0.0
2020-02-18,0.0,0.0,0.0,0,0.0
2020-02-19,0.0,0.0,0.0,0,0.0
2020-02-20,0.0,0.0,0.0,0,0.0
2020-02-21,0.0,0.0,0.0,0,0.0
2020-02-22,0.0,0.0,0.0,0,0.0
2020-02-23,0.0,0.0,0.0,0,0.0
2020-02-24,0.0,0.0,0.0,0,0.0
2020-02-25,0.0,0.0,0.0,0,0.0
2020-02-26,0.0,0.0,0.0,0,0.0
2020-02-27,0.0,0.0,0.0,0,0.0
2020-02-28,0.0,0.0,0.0,0,0.0
2020-02-29,0.0,0.0,0.0,0,0.0
2020-03-01,0.0,0.0,0.0,0,0.0
2020-03-02,0.0,0.0,0.0,0,0.0
2020-03-03,0.0,0.0,0.0,0,0.0
2020-03-04,0.0,0.0,0.0,0,0.0
2020-03-05,0.0,0.0,0.0,0,0.0
2020-03-06,0.0,0.0,0.0,0,0.0
2020-03-07,0.0,0.0,0.0,0,0.0
2020-03-08,0.0,0.0,0.0,0,0.0
2020-03-09,0.0,0.0,0.0,0,0.0
2020-03-10,0.0,0.0,0.0,0,0.0
2020-03-11,0.0,0.0,0.0,0,0.0
2020-03-12,0.0,1.0,0.0,0,0.0
2020-03-13,0.0,0.0,0.0,0,0.0
2020-03-14,0.0,3.0,0.0,0,0.0
2020-03-15,0.0,0.0,0.0,0,0.0
2020-03-16,0.0,1.0,0.0,0,0.0
2020-03-17,0.0,0.0,0.0,0,0.0
2020-03-18,0.0,0.0,0.0,1,0.0
2020-03-19,0.0,0.0,0.0,3,0.0
2020-03-20,0.0,14.0,2.0,2,0.0
2020-03-21,0.0,6.0,1.0,5,0.0
2020-03-22,2.0,13.0,0.0,7,0.0
2020-03-23,1.0,10.0,2.0,7,0.0
2020-03-24,0.0,1.0,1.0,9,1.0
2020-03-25,1.0,6.0,1.0,12,0.0
2020-03-26,1.0,3.0,1.0,11,0.0
2020-03-27,0.0,20.0,1.0,20,0.0
2020-03-28,0.0,9.0,0.0,15,0.0
2020-03-29,0.0,15.0,2.0,22,0.0
2020-03-30,0.0,12.0,2.0,22,0.0
2020-03-31,0.0,8.0,5.0,23,1.0
2020-04-01,0.0,14.0,8.0,42,0.0
2020-04-02,1.0,21.0,5.0,40,0.0
2020-04-03,0.0,13.0,0.0,58,0.0
2020-04-04,0.0,11.0,0.0,60,0.0
2020-04-05,2.0,10.0,4.0,73,2.0
2020-04-06,1.0,7.0,15.0,54,1.0
2020-04-07,3.0,11.0,4.0,67,0.0
2020-04-08,5.0,12.0,4.0,114,1.0
2020-04-09,3.0,19.0,5.0,133,0.0
2020-04-10,1.0,40.0,3.0,141,1.0
2020-04-11,6.0,26.0,5.0,115,0.0
2020-04-12,3.0,21.0,15.0,68,3.0
2020-04-13,4.0,46.0,7.0,99,0.0
2020-04-14,5.0,26.0,3.0,105,0.0
2020-04-15,7.0,60.0,11.0,204,1.0
2020-04-16,4.0,10.0,17.0,204,1.0
2020-04-17,10.0,27.0,11.0,188,1.0
2020-04-18,15.0,24.0,8.0,217,4.0
2020-04-19,9.0,15.0,16.0,206,2.0
2020-04-20,7.0,47.0,17.0,115,2.0
2020-04-21,10.0,8.0,16.0,113,1.0
2020-04-22,9.0,26.0,17.0,166,3.0
2020-04-23,10.0,19.0,0.0,165,3.0
2020-04-24,7.0,12.0,28.0,407,3.0
2020-04-25,4.0,42.0,16.0,357,1.0
2020-04-26,9.0,31.0,16.0,346,3.0
2020-04-27,5.0,23.0,12.0,189,5.0
2020-04-28,7.0,22.0,20.0,338,0.0
2020-04-29,3.0,8.0,26.0,474,4.0
2020-04-30,8.0,11.0,19.0,449,7.0
2020-05-01,5.0,8.0,39.0,435,7.0
2020-05-02,2.0,8.0,32.0,428,10.0
2020-05-03,5.0,31.0,23.0,421,17.0
2020-05-04,2.0,14.0,22.0,275,2.0
2020-05-05,5.0,19.0,24.0,296,6.0
2020-05-06,1.0,8.0,40.0,600,5.0
2020-05-07,3.0,23.0,38.0,615,5.0
2020-05-08,13.0,35.0,30.0,610,4.0
2020-05-09,7.0,13.0,24.0,751,10.0
2020-05-10,8.0,16.0,21.0,730,11.0
2020-05-11,14.0,14.0,28.0,496,15.0
2020-05-12,11.0,18.0,39.0,396,7.0
2020-05-13,11.0,16.0,31.0,881,8.0
2020-05-14,19.0,21.0,33.0,749,6.0
2020-05-15,14.0,15.0,33.0,844,3.0
2020-05-16,15.0,33.0,31.0,824,4.0
2020-05-17,16.0,13.0,39.0,816,5.0
2020-05-18,14.0,59.0,30.0,485,6.0
2020-05-19,21.0,43.0,36.0,674,9.0
2020-05-20,21.0,30.0,46.0,1179,1.0
2020-05-21,16.0,21.0,32.0,888,8.0
2020-05-22,22.0,36.0,50.0,1188,11.0
2020-05-23,24.0,48.0,34.0,1001,10.0
2020-05-24,20.0,25.0,32.0,965,0.0
2020-05-25,28.0,21.0,34.0,653,5.0
2020-05-26,21.0,19.0,30.0,807,7.0
2020-05-27,21.0,27.0,28.0,1039,16.0
2020-05-28,22.0,55.0,35.0,1086,5.0
2020-05-29,15.0,23.0,57.0,1156,5.0
2020-05-30,23.0,24.0,78.0,1124,2.0
2020-05-31,28.0,53.0,88.0,956,12.0
2020-06-01,40.0,40.0,60.0,480,14.0
2020-06-02,22.0,28.0,78.0,623,12.0
2020-06-03,37.0,22.0,67.0,1262,15.0
2020-06-04,37.0,35.0,82.0,1349,1.0
2020-06-05,35.0,23.0,68.0,1473,8.0
2020-06-06,30.0,49.0,97.0,1005,10.0
2020-06-07,35.0,31.0,67.0,904,9.0
2020-06-08,42.0,50.0,65.0,525,12.0
2020-06-09,42.0,32.0,105.0,679,7.0
2020-06-10,45.0,40.0,83.0,1272,4.0
2020-06-11,37.0,36.0,101.0,1274,17.0
2020-06-12,37.0,41.0,107.0,1239,5.0
2020-06-13,46.0,48.0,88.0,909,12.0
2020-06-14,44.0,43.0,81.0,892,8.0
2020-06-15,32.0,43.0,97.0,612,13.0
2020-06-16,38.0,64.0,110.0,627,4.0
2020-06-17,53.0,33.0,136.0,1282,31.0
2020-06-18,43.0,45.0,118.0,1269,14.0
2020-06-19,38.0,63.0,136.0,1238,6.0
2020-06-20,45.0,34.0,153.0,1206,12.0
2020-06-21,37.0,56.0,119.0,1022,19.0
2020-06-22,39.0,36.0,89.0,641,12.0
2020-06-23,38.0,35.0,105.0,654,7.0
2020-06-24,43.0,35.0,60.0,1374,8.0
2020-06-25,37.0,38.0,148.0,1185,9.0
2020-06-26,39.0,47.0,59.0,1141,7.0
2020-06-27,40.0,63.0,73.0,990,5.0
2020-06-28,34.0,37.0,83.0,1109,4.0
2020-06-29,43.0,34.0,49.0,552,7.0
2020-06-30,45.0,51.0,137.0,692,8.0
2020-07-01,64.0,71.0,91.0,1280,17.0
2020-07-02,41.0,58.0,78.0,1038,13.0
2020-07-03,38.0,53.0,78.0,1252,13.0
2020-07-04,42.0,49.0,68.0,1290,12.0
2020-07-05,29.0,53.0,93.0,1091,6.0
2020-07-06,55.0,82.0,50.0,602,11.0
2020-07-07,44.0,70.0,77.0,620,9.0
2020-07-08,55.0,68.0,83.0,1254,15.0
2020-07-09,46.0,50.0,61.0,1223,15.0
2020-07-10,41.0,58.0,75.0,1220,5.0
2020-07-11,37.0,52.0,65.0,1214,20.0
2020-07-12,30.0,66.0,74.0,1071,15.0
2020-07-13,47.0,71.0,69.0,631,16.0
2020-07-14,39.0,50.0,54.0,733,4.0
2020-07-15,33.0,54.0,66.0,1300,10.0
2020-07-16,33.0,87.0,40.0,1233,6.0
2020-07-17,39.0,76.0,49.0,1322,9.0
2020-07-18,51.0,84.0,47.0,1163,3.0
2020-07-19,34.0,59.0,46.0,921,6.0
2020-07-20,37.0,127.0,31.0,716,11.0
2020-07-21,50.0,96.0,40.0,632,12.0
2020-07-22,41.0,81.0,38.0,1367,4.0
2020-07-23,42.0,139.0,32.0,1284,8.0
2020-07-24,50.0,117.0,54.0,1311,20.0
2020-07-25,35.0,89.0,24.0,1156,12.0
2020-07-26,38.0,49.0,35.0,1211,11.0
2020-07-27,54.0,67.0,20.0,555,2.0
2020-07-28,37.0,57.0,23.0,614,2.0
2020-07-29,35.0,63.0,27.0,921,8.0
2020-07-30,35.0,74.0,32.0,1595,5.0
2020-07-31,48.0,83.0,27.0,1129,5.0
2020-08-01,28.0,73.0,0.0,1212,1.0
2020-08-02,21.0,62.0,0.0,1088,4.0
2020-08-03,22.0,43.0,33.0,541,5.0
2020-08-04,30.0,66.0,15.0,561,8.0
2020-08-05,50.0,86.0,15.0,1154,14.0
2020-08-06,33.0,64.0,21.0,1437,17.0
2020-08-07,39.0,69.0,17.0,1237,3.0
2020-08-08,27.0,72.0,16.0,1079,6.0
2020-08-09,32.0,65.0,14.0,905,6.0
2020-08-10,34.0,65.0,15.0,572,3.0
2020-08-11,39.0,42.0,15.0,703,5.0
2020-08-12,33.0,59.0,17.0,1274,6.0
2020-08-13,42.0,79.0,10.0,1175,0.0
2020-08-14,44.0,65.0,14.0,1262,10.0
2020-08-15,34.0,53.0,9.0,1060,7.0
2020-08-16,34.0,50.0,6.0,709,1.0
2020-08-17,32.0,79.0,7.0,620,1.0
2020-08-18,37.0,57.0,15.0,684,2.0
2020-08-19,46.0,70.0,0.0,1352,4.0
2020-08-20,41.0,69.0,19.0,1212,4.0
2020-08-21,41.0,72.0,10.0,1204,7.0
2020-08-22,39.0,82.0,12.0,1054,4.0
2020-08-23,46.0,94.0,4.0,892,1.0
2020-08-24,34.0,86.0,0.0,494,5.0
2020-08-25,42.0,79.0,20.0,565,2.0
2020-08-26,45.0,99.0,12.0,1271,3.0
2020-08-27,54.0,86.0,7.0,1085,3.0
2020-08-28,45.0,120.0,9.0,984,1.0
2020-08-29,47.0,105.0,1.0,855,0.0
2020-08-30,32.0,92.0,4.0,958,0.0
2020-08-31,42.0,82.0,6.0,366,2.0
2020-09-01,33.0,74.0,4.0,553,0.0
2020-09-02,35.0,88.0,20.0,1215,10.0
2020-09-03,35.0,111.0,10.0,1184,4.0
2020-09-04,32.0,134.0,7.0,834,21.0
2020-09-05,29.0,82.0,5.0,907,3.0
2020-09-06,35.0,108.0,2.0,682,3.0
2020-09-07,2.0,85.0,3.0,447,3.0
2020-09-08,67.0,105.0,5.0,310,4.0
2020-09-09,36.0,100.0,9.0,504,6.0
2020-09-10,41.0,106.0,6.0,1075,3.0
2020-09-11,41.0,120.0,5.0,983,5.0
2020-09-12,34.0,88.0,3.0,874,1.0
2020-09-13,34.0,106.0,6.0,814,2.0
2020-09-14,31.0,73.0,4.0,415,4.0
2020-09-15,26.0,118.0,6.0,381,1.0
2020-09-16,43.0,124.0,4.0,1113,5.0
2020-09-17,21.0,135.0,6.0,987,3.0
2020-09-18,36.0,122.0,9.0,829,2.0
2020-09-19,22.0,114.0,7.0,858,1.0
2020-09-20,32.0,112.0,1.0,739,1.0
2020-09-21,26.0,105.0,4.0,363,3.0
2020-09-22,40.0,124.0,4.0,377,2.0
2020-09-23,28.0,160.0,8.0,836,0.0
2020-09-24,37.0,140.0,5.0,869,2.0
2020-09-25,28.0,128.0,7.0,831,0.0
2020-09-26,21.0,113.0,7.0,729,1.0
2020-09-27,36.0,90.0,6.0,869,3.0
2020-09-28,32.0,78.0,9.0,335,2.0
2020-09-29,32.0,87.0,8.0,317,3.0
2020-09-30,26.0,128.0,5.0,863,0.0
2020-10-01,32.0,139.0,5.0,1031,1.0
2020-10-02,21.0,116.0,15.0,728,0.0
2020-10-03,33.0,116.0,8.0,708,0.0
2020-10-04,20.0,83.0,6.0,599,1.0
2020-10-05,23.0,96.0,0.0,365,0.0
2020-10-06,27.0,102.0,10.0,323,0.0
2020-10-07,30.0,121.0,12.0,819,0.0
2020-10-08,35.0,98.0,9.0,734,0.0
2020-10-09,20.0,108.0,8.0,729,0.0
2020-10-10,17.0,97.0,6.0,682,0.0
2020-10-11,23.0,88.0,12.0,559,2.0
2020-10-12,24.0,79.0,0.0,290,0.0
2020-10-13,31.0,91.0,18.0,201,0.0
2020-10-14,22.0,92.0,13.0,309,1.0
2020-10-15,16.0,129.0,13.0,749,0.0
